(kicad_pcb (version 20171130) (host pcbnew 5.1.4)

  (general
    (thickness 1.6)
    (drawings 5)
    (tracks 290)
    (zones 0)
    (modules 26)
    (nets 46)
  )

  (page A4)
  (layers
    (0 F.Cu signal)
    (31 B.Cu signal)
    (32 B.Adhes user)
    (33 F.Adhes user)
    (34 B.Paste user)
    (35 F.Paste user)
    (36 B.SilkS user)
    (37 F.SilkS user)
    (38 B.Mask user)
    (39 F.Mask user)
    (40 Dwgs.User user)
    (41 Cmts.User user)
    (42 Eco1.User user)
    (43 Eco2.User user)
    (44 Edge.Cuts user)
    (45 Margin user)
    (46 B.CrtYd user)
    (47 F.CrtYd user)
    (48 B.Fab user)
    (49 F.Fab user)
  )

  (setup
    (last_trace_width 0.25)
    (trace_clearance 0.2)
    (zone_clearance 0.508)
    (zone_45_only no)
    (trace_min 0.2)
    (via_size 0.8)
    (via_drill 0.4)
    (via_min_size 0.4)
    (via_min_drill 0.3)
    (uvia_size 0.3)
    (uvia_drill 0.1)
    (uvias_allowed no)
    (uvia_min_size 0.2)
    (uvia_min_drill 0.1)
    (edge_width 0.05)
    (segment_width 0.2)
    (pcb_text_width 0.3)
    (pcb_text_size 1.5 1.5)
    (mod_edge_width 0.12)
    (mod_text_size 1 1)
    (mod_text_width 0.15)
    (pad_size 1.524 1.524)
    (pad_drill 0.762)
    (pad_to_mask_clearance 0.051)
    (solder_mask_min_width 0.25)
    (aux_axis_origin 0 0)
    (visible_elements 7FFFFFFF)
    (pcbplotparams
      (layerselection 0x010fc_ffffffff)
      (usegerberextensions true)
      (usegerberattributes false)
      (usegerberadvancedattributes false)
      (creategerberjobfile false)
      (excludeedgelayer true)
      (linewidth 0.100000)
      (plotframeref false)
      (viasonmask false)
      (mode 1)
      (useauxorigin false)
      (hpglpennumber 1)
      (hpglpenspeed 20)
      (hpglpendiameter 15.000000)
      (psnegative false)
      (psa4output false)
      (plotreference true)
      (plotvalue true)
      (plotinvisibletext false)
      (padsonsilk false)
      (subtractmaskfromsilk false)
      (outputformat 1)
      (mirror false)
      (drillshape 0)
      (scaleselection 1)
      (outputdirectory "/home/dylan/Projects/Kicad/project_board/"))
  )

  (net 0 "")
  (net 1 "Net-(C1-Pad1)")
  (net 2 "Net-(C2-Pad1)")
  (net 3 VCC)
  (net 4 "Net-(C8-Pad1)")
  (net 5 "Net-(D1-Pad2)")
  (net 6 /row0)
  (net 7 "Net-(D2-Pad2)")
  (net 8 /row1)
  (net 9 "Net-(D3-Pad2)")
  (net 10 "Net-(D4-Pad2)")
  (net 11 "Net-(J1-PadA5)")
  (net 12 "Net-(J1-PadA6)")
  (net 13 "Net-(J1-PadA7)")
  (net 14 "Net-(J1-PadA8)")
  (net 15 "Net-(J1-PadB5)")
  (net 16 "Net-(J1-PadB8)")
  (net 17 /col0)
  (net 18 /col1)
  (net 19 "Net-(R1-Pad1)")
  (net 20 "Net-(R2-Pad1)")
  (net 21 "Net-(R3-Pad1)")
  (net 22 "Net-(R4-Pad1)")
  (net 23 "Net-(U1-Pad1)")
  (net 24 "Net-(U1-Pad8)")
  (net 25 "Net-(U1-Pad9)")
  (net 26 "Net-(U1-Pad10)")
  (net 27 "Net-(U1-Pad11)")
  (net 28 "Net-(U1-Pad12)")
  (net 29 "Net-(U1-Pad18)")
  (net 30 "Net-(U1-Pad19)")
  (net 31 "Net-(U1-Pad20)")
  (net 32 "Net-(U1-Pad21)")
  (net 33 "Net-(U1-Pad22)")
  (net 34 "Net-(U1-Pad25)")
  (net 35 "Net-(U1-Pad26)")
  (net 36 "Net-(U1-Pad27)")
  (net 37 "Net-(U1-Pad28)")
  (net 38 "Net-(U1-Pad29)")
  (net 39 "Net-(U1-Pad30)")
  (net 40 "Net-(U1-Pad31)")
  (net 41 "Net-(U1-Pad32)")
  (net 42 "Net-(U1-Pad36)")
  (net 43 "Net-(U1-Pad37)")
  (net 44 "Net-(U1-Pad42)")
  (net 45 GND)

  (net_class Default "This is the default net class."
    (clearance 0.2)
    (trace_width 0.25)
    (via_dia 0.8)
    (via_drill 0.4)
    (uvia_dia 0.3)
    (uvia_drill 0.1)
    (add_net /col0)
    (add_net /col1)
    (add_net /row0)
    (add_net /row1)
    (add_net GND)
    (add_net "Net-(C1-Pad1)")
    (add_net "Net-(C2-Pad1)")
    (add_net "Net-(C8-Pad1)")
    (add_net "Net-(D1-Pad2)")
    (add_net "Net-(D2-Pad2)")
    (add_net "Net-(D3-Pad2)")
    (add_net "Net-(D4-Pad2)")
    (add_net "Net-(J1-PadA5)")
    (add_net "Net-(J1-PadA6)")
    (add_net "Net-(J1-PadA7)")
    (add_net "Net-(J1-PadA8)")
    (add_net "Net-(J1-PadB5)")
    (add_net "Net-(J1-PadB8)")
    (add_net "Net-(R1-Pad1)")
    (add_net "Net-(R2-Pad1)")
    (add_net "Net-(R3-Pad1)")
    (add_net "Net-(R4-Pad1)")
    (add_net "Net-(U1-Pad1)")
    (add_net "Net-(U1-Pad10)")
    (add_net "Net-(U1-Pad11)")
    (add_net "Net-(U1-Pad12)")
    (add_net "Net-(U1-Pad18)")
    (add_net "Net-(U1-Pad19)")
    (add_net "Net-(U1-Pad20)")
    (add_net "Net-(U1-Pad21)")
    (add_net "Net-(U1-Pad22)")
    (add_net "Net-(U1-Pad25)")
    (add_net "Net-(U1-Pad26)")
    (add_net "Net-(U1-Pad27)")
    (add_net "Net-(U1-Pad28)")
    (add_net "Net-(U1-Pad29)")
    (add_net "Net-(U1-Pad30)")
    (add_net "Net-(U1-Pad31)")
    (add_net "Net-(U1-Pad32)")
    (add_net "Net-(U1-Pad36)")
    (add_net "Net-(U1-Pad37)")
    (add_net "Net-(U1-Pad42)")
    (add_net "Net-(U1-Pad8)")
    (add_net "Net-(U1-Pad9)")
    (add_net VCC)
  )

  (module Package_QFP:TQFP-44_10x10mm_P0.8mm (layer F.Cu) (tedit 5A02F146) (tstamp 5D5FAF13)
    (at 139.96875 88.47375)
    (descr "44-Lead Plastic Thin Quad Flatpack (PT) - 10x10x1.0 mm Body [TQFP] (see Microchip Packaging Specification 00000049BS.pdf)")
    (tags "QFP 0.8")
    (path /5D5F6E7C)
    (attr smd)
    (fp_text reference U1 (at 0 -7.45) (layer F.SilkS)
      (effects (font (size 1 1) (thickness 0.15)))
    )
    (fp_text value ATmega32U4-AU (at 0 7.45) (layer F.Fab)
      (effects (font (size 1 1) (thickness 0.15)))
    )
    (fp_line (start -5.175 -4.6) (end -6.45 -4.6) (layer F.SilkS) (width 0.15))
    (fp_line (start 5.175 -5.175) (end 4.5 -5.175) (layer F.SilkS) (width 0.15))
    (fp_line (start 5.175 5.175) (end 4.5 5.175) (layer F.SilkS) (width 0.15))
    (fp_line (start -5.175 5.175) (end -4.5 5.175) (layer F.SilkS) (width 0.15))
    (fp_line (start -5.175 -5.175) (end -4.5 -5.175) (layer F.SilkS) (width 0.15))
    (fp_line (start -5.175 5.175) (end -5.175 4.5) (layer F.SilkS) (width 0.15))
    (fp_line (start 5.175 5.175) (end 5.175 4.5) (layer F.SilkS) (width 0.15))
    (fp_line (start 5.175 -5.175) (end 5.175 -4.5) (layer F.SilkS) (width 0.15))
    (fp_line (start -5.175 -5.175) (end -5.175 -4.6) (layer F.SilkS) (width 0.15))
    (fp_line (start -6.7 6.7) (end 6.7 6.7) (layer F.CrtYd) (width 0.05))
    (fp_line (start -6.7 -6.7) (end 6.7 -6.7) (layer F.CrtYd) (width 0.05))
    (fp_line (start 6.7 -6.7) (end 6.7 6.7) (layer F.CrtYd) (width 0.05))
    (fp_line (start -6.7 -6.7) (end -6.7 6.7) (layer F.CrtYd) (width 0.05))
    (fp_line (start -5 -4) (end -4 -5) (layer F.Fab) (width 0.15))
    (fp_line (start -5 5) (end -5 -4) (layer F.Fab) (width 0.15))
    (fp_line (start 5 5) (end -5 5) (layer F.Fab) (width 0.15))
    (fp_line (start 5 -5) (end 5 5) (layer F.Fab) (width 0.15))
    (fp_line (start -4 -5) (end 5 -5) (layer F.Fab) (width 0.15))
    (fp_text user %R (at -0.011251 0.024999) (layer F.Fab)
      (effects (font (size 1 1) (thickness 0.15)))
    )
    (pad 44 smd rect (at -4 -5.7 90) (size 1.5 0.55) (layers F.Cu F.Paste F.Mask)
      (net 3 VCC))
    (pad 43 smd rect (at -3.2 -5.7 90) (size 1.5 0.55) (layers F.Cu F.Paste F.Mask)
      (net 45 GND))
    (pad 42 smd rect (at -2.4 -5.7 90) (size 1.5 0.55) (layers F.Cu F.Paste F.Mask)
      (net 44 "Net-(U1-Pad42)"))
    (pad 41 smd rect (at -1.6 -5.7 90) (size 1.5 0.55) (layers F.Cu F.Paste F.Mask)
      (net 6 /row0))
    (pad 40 smd rect (at -0.8 -5.7 90) (size 1.5 0.55) (layers F.Cu F.Paste F.Mask)
      (net 8 /row1))
    (pad 39 smd rect (at 0 -5.7 90) (size 1.5 0.55) (layers F.Cu F.Paste F.Mask)
      (net 17 /col0))
    (pad 38 smd rect (at 0.8 -5.7 90) (size 1.5 0.55) (layers F.Cu F.Paste F.Mask)
      (net 18 /col1))
    (pad 37 smd rect (at 1.6 -5.7 90) (size 1.5 0.55) (layers F.Cu F.Paste F.Mask)
      (net 43 "Net-(U1-Pad37)"))
    (pad 36 smd rect (at 2.4 -5.7 90) (size 1.5 0.55) (layers F.Cu F.Paste F.Mask)
      (net 42 "Net-(U1-Pad36)"))
    (pad 35 smd rect (at 3.2 -5.7 90) (size 1.5 0.55) (layers F.Cu F.Paste F.Mask)
      (net 45 GND))
    (pad 34 smd rect (at 4 -5.7 90) (size 1.5 0.55) (layers F.Cu F.Paste F.Mask)
      (net 3 VCC))
    (pad 33 smd rect (at 5.7 -4) (size 1.5 0.55) (layers F.Cu F.Paste F.Mask)
      (net 20 "Net-(R2-Pad1)"))
    (pad 32 smd rect (at 5.7 -3.2) (size 1.5 0.55) (layers F.Cu F.Paste F.Mask)
      (net 41 "Net-(U1-Pad32)"))
    (pad 31 smd rect (at 5.7 -2.4) (size 1.5 0.55) (layers F.Cu F.Paste F.Mask)
      (net 40 "Net-(U1-Pad31)"))
    (pad 30 smd rect (at 5.7 -1.6) (size 1.5 0.55) (layers F.Cu F.Paste F.Mask)
      (net 39 "Net-(U1-Pad30)"))
    (pad 29 smd rect (at 5.7 -0.8) (size 1.5 0.55) (layers F.Cu F.Paste F.Mask)
      (net 38 "Net-(U1-Pad29)"))
    (pad 28 smd rect (at 5.7 0) (size 1.5 0.55) (layers F.Cu F.Paste F.Mask)
      (net 37 "Net-(U1-Pad28)"))
    (pad 27 smd rect (at 5.7 0.8) (size 1.5 0.55) (layers F.Cu F.Paste F.Mask)
      (net 36 "Net-(U1-Pad27)"))
    (pad 26 smd rect (at 5.7 1.6) (size 1.5 0.55) (layers F.Cu F.Paste F.Mask)
      (net 35 "Net-(U1-Pad26)"))
    (pad 25 smd rect (at 5.7 2.4) (size 1.5 0.55) (layers F.Cu F.Paste F.Mask)
      (net 34 "Net-(U1-Pad25)"))
    (pad 24 smd rect (at 5.7 3.2) (size 1.5 0.55) (layers F.Cu F.Paste F.Mask)
      (net 3 VCC))
    (pad 23 smd rect (at 5.7 4) (size 1.5 0.55) (layers F.Cu F.Paste F.Mask)
      (net 45 GND))
    (pad 22 smd rect (at 4 5.7 90) (size 1.5 0.55) (layers F.Cu F.Paste F.Mask)
      (net 33 "Net-(U1-Pad22)"))
    (pad 21 smd rect (at 3.2 5.7 90) (size 1.5 0.55) (layers F.Cu F.Paste F.Mask)
      (net 32 "Net-(U1-Pad21)"))
    (pad 20 smd rect (at 2.4 5.7 90) (size 1.5 0.55) (layers F.Cu F.Paste F.Mask)
      (net 31 "Net-(U1-Pad20)"))
    (pad 19 smd rect (at 1.6 5.7 90) (size 1.5 0.55) (layers F.Cu F.Paste F.Mask)
      (net 30 "Net-(U1-Pad19)"))
    (pad 18 smd rect (at 0.8 5.7 90) (size 1.5 0.55) (layers F.Cu F.Paste F.Mask)
      (net 29 "Net-(U1-Pad18)"))
    (pad 17 smd rect (at 0 5.7 90) (size 1.5 0.55) (layers F.Cu F.Paste F.Mask)
      (net 2 "Net-(C2-Pad1)"))
    (pad 16 smd rect (at -0.8 5.7 90) (size 1.5 0.55) (layers F.Cu F.Paste F.Mask)
      (net 1 "Net-(C1-Pad1)"))
    (pad 15 smd rect (at -1.6 5.7 90) (size 1.5 0.55) (layers F.Cu F.Paste F.Mask)
      (net 45 GND))
    (pad 14 smd rect (at -2.4 5.7 90) (size 1.5 0.55) (layers F.Cu F.Paste F.Mask)
      (net 3 VCC))
    (pad 13 smd rect (at -3.2 5.7 90) (size 1.5 0.55) (layers F.Cu F.Paste F.Mask)
      (net 19 "Net-(R1-Pad1)"))
    (pad 12 smd rect (at -4 5.7 90) (size 1.5 0.55) (layers F.Cu F.Paste F.Mask)
      (net 28 "Net-(U1-Pad12)"))
    (pad 11 smd rect (at -5.7 4) (size 1.5 0.55) (layers F.Cu F.Paste F.Mask)
      (net 27 "Net-(U1-Pad11)"))
    (pad 10 smd rect (at -5.7 3.2) (size 1.5 0.55) (layers F.Cu F.Paste F.Mask)
      (net 26 "Net-(U1-Pad10)"))
    (pad 9 smd rect (at -5.7 2.4) (size 1.5 0.55) (layers F.Cu F.Paste F.Mask)
      (net 25 "Net-(U1-Pad9)"))
    (pad 8 smd rect (at -5.7 1.6) (size 1.5 0.55) (layers F.Cu F.Paste F.Mask)
      (net 24 "Net-(U1-Pad8)"))
    (pad 7 smd rect (at -5.7 0.8) (size 1.5 0.55) (layers F.Cu F.Paste F.Mask)
      (net 3 VCC))
    (pad 6 smd rect (at -5.7 0) (size 1.5 0.55) (layers F.Cu F.Paste F.Mask)
      (net 4 "Net-(C8-Pad1)"))
    (pad 5 smd rect (at -5.7 -0.8) (size 1.5 0.55) (layers F.Cu F.Paste F.Mask)
      (net 45 GND))
    (pad 4 smd rect (at -5.7 -1.6) (size 1.5 0.55) (layers F.Cu F.Paste F.Mask)
      (net 22 "Net-(R4-Pad1)"))
    (pad 3 smd rect (at -5.7 -2.4) (size 1.5 0.55) (layers F.Cu F.Paste F.Mask)
      (net 21 "Net-(R3-Pad1)"))
    (pad 2 smd rect (at -5.7 -3.2) (size 1.5 0.55) (layers F.Cu F.Paste F.Mask)
      (net 3 VCC))
    (pad 1 smd rect (at -5.7 -4) (size 1.5 0.55) (layers F.Cu F.Paste F.Mask)
      (net 23 "Net-(U1-Pad1)"))
    (model ${KISYS3DMOD}/Package_QFP.3dshapes/TQFP-44_10x10mm_P0.8mm.wrl
      (at (xyz 0 0 0))
      (scale (xyz 1 1 1))
      (rotate (xyz 0 0 0))
    )
  )

  (module Capacitor_SMD:C_0805_2012Metric_Pad1.15x1.40mm_HandSolder locked (layer F.Cu) (tedit 5B36C52B) (tstamp 5D5FACAE)
    (at 134.4375 98.9675 90)
    (descr "Capacitor SMD 0805 (2012 Metric), square (rectangular) end terminal, IPC_7351 nominal with elongated pad for handsoldering. (Body size source: https://docs.google.com/spreadsheets/d/1BsfQQcO9C6DZCsRaXUlFlo91Tg2WpOkGARC1WS5S8t0/edit?usp=sharing), generated with kicad-footprint-generator")
    (tags "capacitor handsolder")
    (path /5D5EDCFE)
    (attr smd)
    (fp_text reference C1 (at 0 -1.65 90) (layer F.SilkS)
      (effects (font (size 1 1) (thickness 0.15)))
    )
    (fp_text value 22p (at 0 1.65 90) (layer F.Fab)
      (effects (font (size 1 1) (thickness 0.15)))
    )
    (fp_line (start -1 0.6) (end -1 -0.6) (layer F.Fab) (width 0.1))
    (fp_line (start -1 -0.6) (end 1 -0.6) (layer F.Fab) (width 0.1))
    (fp_line (start 1 -0.6) (end 1 0.6) (layer F.Fab) (width 0.1))
    (fp_line (start 1 0.6) (end -1 0.6) (layer F.Fab) (width 0.1))
    (fp_line (start -0.261252 -0.71) (end 0.261252 -0.71) (layer F.SilkS) (width 0.12))
    (fp_line (start -0.261252 0.71) (end 0.261252 0.71) (layer F.SilkS) (width 0.12))
    (fp_line (start -1.85 0.95) (end -1.85 -0.95) (layer F.CrtYd) (width 0.05))
    (fp_line (start -1.85 -0.95) (end 1.85 -0.95) (layer F.CrtYd) (width 0.05))
    (fp_line (start 1.85 -0.95) (end 1.85 0.95) (layer F.CrtYd) (width 0.05))
    (fp_line (start 1.85 0.95) (end -1.85 0.95) (layer F.CrtYd) (width 0.05))
    (fp_text user %R (at 0 0 90) (layer F.Fab)
      (effects (font (size 0.5 0.5) (thickness 0.08)))
    )
    (pad 1 smd roundrect (at -1.025 0 90) (size 1.15 1.4) (layers F.Cu F.Paste F.Mask) (roundrect_rratio 0.217391)
      (net 1 "Net-(C1-Pad1)"))
    (pad 2 smd roundrect (at 1.025 0 90) (size 1.15 1.4) (layers F.Cu F.Paste F.Mask) (roundrect_rratio 0.217391)
      (net 45 GND))
    (model ${KISYS3DMOD}/Capacitor_SMD.3dshapes/C_0805_2012Metric.wrl
      (at (xyz 0 0 0))
      (scale (xyz 1 1 1))
      (rotate (xyz 0 0 0))
    )
  )

  (module Capacitor_SMD:C_0805_2012Metric_Pad1.15x1.40mm_HandSolder (layer F.Cu) (tedit 5B36C52B) (tstamp 5D5FACBF)
    (at 145.6875 99.155 90)
    (descr "Capacitor SMD 0805 (2012 Metric), square (rectangular) end terminal, IPC_7351 nominal with elongated pad for handsoldering. (Body size source: https://docs.google.com/spreadsheets/d/1BsfQQcO9C6DZCsRaXUlFlo91Tg2WpOkGARC1WS5S8t0/edit?usp=sharing), generated with kicad-footprint-generator")
    (tags "capacitor handsolder")
    (path /5D5EF187)
    (attr smd)
    (fp_text reference C2 (at 0 -1.65 90) (layer F.SilkS)
      (effects (font (size 1 1) (thickness 0.15)))
    )
    (fp_text value 22p (at 0 1.65 90) (layer F.Fab)
      (effects (font (size 1 1) (thickness 0.15)))
    )
    (fp_text user %R (at 0 0 90) (layer F.Fab)
      (effects (font (size 0.5 0.5) (thickness 0.08)))
    )
    (fp_line (start 1.85 0.95) (end -1.85 0.95) (layer F.CrtYd) (width 0.05))
    (fp_line (start 1.85 -0.95) (end 1.85 0.95) (layer F.CrtYd) (width 0.05))
    (fp_line (start -1.85 -0.95) (end 1.85 -0.95) (layer F.CrtYd) (width 0.05))
    (fp_line (start -1.85 0.95) (end -1.85 -0.95) (layer F.CrtYd) (width 0.05))
    (fp_line (start -0.261252 0.71) (end 0.261252 0.71) (layer F.SilkS) (width 0.12))
    (fp_line (start -0.261252 -0.71) (end 0.261252 -0.71) (layer F.SilkS) (width 0.12))
    (fp_line (start 1 0.6) (end -1 0.6) (layer F.Fab) (width 0.1))
    (fp_line (start 1 -0.6) (end 1 0.6) (layer F.Fab) (width 0.1))
    (fp_line (start -1 -0.6) (end 1 -0.6) (layer F.Fab) (width 0.1))
    (fp_line (start -1 0.6) (end -1 -0.6) (layer F.Fab) (width 0.1))
    (pad 2 smd roundrect (at 1.025 0 90) (size 1.15 1.4) (layers F.Cu F.Paste F.Mask) (roundrect_rratio 0.217391)
      (net 45 GND))
    (pad 1 smd roundrect (at -1.025 0 90) (size 1.15 1.4) (layers F.Cu F.Paste F.Mask) (roundrect_rratio 0.217391)
      (net 2 "Net-(C2-Pad1)"))
    (model ${KISYS3DMOD}/Capacitor_SMD.3dshapes/C_0805_2012Metric.wrl
      (at (xyz 0 0 0))
      (scale (xyz 1 1 1))
      (rotate (xyz 0 0 0))
    )
  )

  (module Capacitor_SMD:C_0805_2012Metric_Pad1.15x1.40mm_HandSolder (layer F.Cu) (tedit 5B36C52B) (tstamp 5D5FACD0)
    (at 149.90625 83.5925 90)
    (descr "Capacitor SMD 0805 (2012 Metric), square (rectangular) end terminal, IPC_7351 nominal with elongated pad for handsoldering. (Body size source: https://docs.google.com/spreadsheets/d/1BsfQQcO9C6DZCsRaXUlFlo91Tg2WpOkGARC1WS5S8t0/edit?usp=sharing), generated with kicad-footprint-generator")
    (tags "capacitor handsolder")
    (path /5D5F18DB)
    (attr smd)
    (fp_text reference C3 (at 0 -1.65 90) (layer F.SilkS)
      (effects (font (size 1 1) (thickness 0.15)))
    )
    (fp_text value 0.1u (at 0 1.65 90) (layer F.Fab)
      (effects (font (size 1 1) (thickness 0.15)))
    )
    (fp_line (start -1 0.6) (end -1 -0.6) (layer F.Fab) (width 0.1))
    (fp_line (start -1 -0.6) (end 1 -0.6) (layer F.Fab) (width 0.1))
    (fp_line (start 1 -0.6) (end 1 0.6) (layer F.Fab) (width 0.1))
    (fp_line (start 1 0.6) (end -1 0.6) (layer F.Fab) (width 0.1))
    (fp_line (start -0.261252 -0.71) (end 0.261252 -0.71) (layer F.SilkS) (width 0.12))
    (fp_line (start -0.261252 0.71) (end 0.261252 0.71) (layer F.SilkS) (width 0.12))
    (fp_line (start -1.85 0.95) (end -1.85 -0.95) (layer F.CrtYd) (width 0.05))
    (fp_line (start -1.85 -0.95) (end 1.85 -0.95) (layer F.CrtYd) (width 0.05))
    (fp_line (start 1.85 -0.95) (end 1.85 0.95) (layer F.CrtYd) (width 0.05))
    (fp_line (start 1.85 0.95) (end -1.85 0.95) (layer F.CrtYd) (width 0.05))
    (fp_text user %R (at 0 0 90) (layer F.Fab)
      (effects (font (size 0.5 0.5) (thickness 0.08)))
    )
    (pad 1 smd roundrect (at -1.025 0 90) (size 1.15 1.4) (layers F.Cu F.Paste F.Mask) (roundrect_rratio 0.217391)
      (net 3 VCC))
    (pad 2 smd roundrect (at 1.025 0 90) (size 1.15 1.4) (layers F.Cu F.Paste F.Mask) (roundrect_rratio 0.217391)
      (net 45 GND))
    (model ${KISYS3DMOD}/Capacitor_SMD.3dshapes/C_0805_2012Metric.wrl
      (at (xyz 0 0 0))
      (scale (xyz 1 1 1))
      (rotate (xyz 0 0 0))
    )
  )

  (module Capacitor_SMD:C_0805_2012Metric_Pad1.15x1.40mm_HandSolder (layer F.Cu) (tedit 5B36C52B) (tstamp 5D5FACE1)
    (at 149.90625 93.3425 90)
    (descr "Capacitor SMD 0805 (2012 Metric), square (rectangular) end terminal, IPC_7351 nominal with elongated pad for handsoldering. (Body size source: https://docs.google.com/spreadsheets/d/1BsfQQcO9C6DZCsRaXUlFlo91Tg2WpOkGARC1WS5S8t0/edit?usp=sharing), generated with kicad-footprint-generator")
    (tags "capacitor handsolder")
    (path /5D5F318F)
    (attr smd)
    (fp_text reference C4 (at 0 -1.65 90) (layer F.SilkS)
      (effects (font (size 1 1) (thickness 0.15)))
    )
    (fp_text value 0.1u (at 0 1.65 90) (layer F.Fab)
      (effects (font (size 1 1) (thickness 0.15)))
    )
    (fp_line (start -1 0.6) (end -1 -0.6) (layer F.Fab) (width 0.1))
    (fp_line (start -1 -0.6) (end 1 -0.6) (layer F.Fab) (width 0.1))
    (fp_line (start 1 -0.6) (end 1 0.6) (layer F.Fab) (width 0.1))
    (fp_line (start 1 0.6) (end -1 0.6) (layer F.Fab) (width 0.1))
    (fp_line (start -0.261252 -0.71) (end 0.261252 -0.71) (layer F.SilkS) (width 0.12))
    (fp_line (start -0.261252 0.71) (end 0.261252 0.71) (layer F.SilkS) (width 0.12))
    (fp_line (start -1.85 0.95) (end -1.85 -0.95) (layer F.CrtYd) (width 0.05))
    (fp_line (start -1.85 -0.95) (end 1.85 -0.95) (layer F.CrtYd) (width 0.05))
    (fp_line (start 1.85 -0.95) (end 1.85 0.95) (layer F.CrtYd) (width 0.05))
    (fp_line (start 1.85 0.95) (end -1.85 0.95) (layer F.CrtYd) (width 0.05))
    (fp_text user %R (at 0 0 90) (layer F.Fab)
      (effects (font (size 0.5 0.5) (thickness 0.08)))
    )
    (pad 1 smd roundrect (at -1.025 0 90) (size 1.15 1.4) (layers F.Cu F.Paste F.Mask) (roundrect_rratio 0.217391)
      (net 3 VCC))
    (pad 2 smd roundrect (at 1.025 0 90) (size 1.15 1.4) (layers F.Cu F.Paste F.Mask) (roundrect_rratio 0.217391)
      (net 45 GND))
    (model ${KISYS3DMOD}/Capacitor_SMD.3dshapes/C_0805_2012Metric.wrl
      (at (xyz 0 0 0))
      (scale (xyz 1 1 1))
      (rotate (xyz 0 0 0))
    )
  )

  (module Capacitor_SMD:C_0805_2012Metric_Pad1.15x1.40mm_HandSolder (layer F.Cu) (tedit 5B36C52B) (tstamp 5D5FACF2)
    (at 129.65625 93.255 90)
    (descr "Capacitor SMD 0805 (2012 Metric), square (rectangular) end terminal, IPC_7351 nominal with elongated pad for handsoldering. (Body size source: https://docs.google.com/spreadsheets/d/1BsfQQcO9C6DZCsRaXUlFlo91Tg2WpOkGARC1WS5S8t0/edit?usp=sharing), generated with kicad-footprint-generator")
    (tags "capacitor handsolder")
    (path /5D5F270B)
    (attr smd)
    (fp_text reference C5 (at 0 -1.65 90) (layer F.SilkS)
      (effects (font (size 1 1) (thickness 0.15)))
    )
    (fp_text value 0.1u (at 0 1.65 90) (layer F.Fab)
      (effects (font (size 1 1) (thickness 0.15)))
    )
    (fp_text user %R (at 0 0 90) (layer F.Fab)
      (effects (font (size 0.5 0.5) (thickness 0.08)))
    )
    (fp_line (start 1.85 0.95) (end -1.85 0.95) (layer F.CrtYd) (width 0.05))
    (fp_line (start 1.85 -0.95) (end 1.85 0.95) (layer F.CrtYd) (width 0.05))
    (fp_line (start -1.85 -0.95) (end 1.85 -0.95) (layer F.CrtYd) (width 0.05))
    (fp_line (start -1.85 0.95) (end -1.85 -0.95) (layer F.CrtYd) (width 0.05))
    (fp_line (start -0.261252 0.71) (end 0.261252 0.71) (layer F.SilkS) (width 0.12))
    (fp_line (start -0.261252 -0.71) (end 0.261252 -0.71) (layer F.SilkS) (width 0.12))
    (fp_line (start 1 0.6) (end -1 0.6) (layer F.Fab) (width 0.1))
    (fp_line (start 1 -0.6) (end 1 0.6) (layer F.Fab) (width 0.1))
    (fp_line (start -1 -0.6) (end 1 -0.6) (layer F.Fab) (width 0.1))
    (fp_line (start -1 0.6) (end -1 -0.6) (layer F.Fab) (width 0.1))
    (pad 2 smd roundrect (at 1.025 0 90) (size 1.15 1.4) (layers F.Cu F.Paste F.Mask) (roundrect_rratio 0.217391)
      (net 45 GND))
    (pad 1 smd roundrect (at -1.025 0 90) (size 1.15 1.4) (layers F.Cu F.Paste F.Mask) (roundrect_rratio 0.217391)
      (net 3 VCC))
    (model ${KISYS3DMOD}/Capacitor_SMD.3dshapes/C_0805_2012Metric.wrl
      (at (xyz 0 0 0))
      (scale (xyz 1 1 1))
      (rotate (xyz 0 0 0))
    )
  )

  (module Capacitor_SMD:C_0805_2012Metric_Pad1.15x1.40mm_HandSolder (layer F.Cu) (tedit 5B36C52B) (tstamp 5D5FAD03)
    (at 129.65625 99.06125 90)
    (descr "Capacitor SMD 0805 (2012 Metric), square (rectangular) end terminal, IPC_7351 nominal with elongated pad for handsoldering. (Body size source: https://docs.google.com/spreadsheets/d/1BsfQQcO9C6DZCsRaXUlFlo91Tg2WpOkGARC1WS5S8t0/edit?usp=sharing), generated with kicad-footprint-generator")
    (tags "capacitor handsolder")
    (path /5D5F4165)
    (attr smd)
    (fp_text reference C6 (at 0 -1.65 90) (layer F.SilkS)
      (effects (font (size 1 1) (thickness 0.15)))
    )
    (fp_text value 0.1u (at 0 1.65 90) (layer F.Fab)
      (effects (font (size 1 1) (thickness 0.15)))
    )
    (fp_line (start -1 0.6) (end -1 -0.6) (layer F.Fab) (width 0.1))
    (fp_line (start -1 -0.6) (end 1 -0.6) (layer F.Fab) (width 0.1))
    (fp_line (start 1 -0.6) (end 1 0.6) (layer F.Fab) (width 0.1))
    (fp_line (start 1 0.6) (end -1 0.6) (layer F.Fab) (width 0.1))
    (fp_line (start -0.261252 -0.71) (end 0.261252 -0.71) (layer F.SilkS) (width 0.12))
    (fp_line (start -0.261252 0.71) (end 0.261252 0.71) (layer F.SilkS) (width 0.12))
    (fp_line (start -1.85 0.95) (end -1.85 -0.95) (layer F.CrtYd) (width 0.05))
    (fp_line (start -1.85 -0.95) (end 1.85 -0.95) (layer F.CrtYd) (width 0.05))
    (fp_line (start 1.85 -0.95) (end 1.85 0.95) (layer F.CrtYd) (width 0.05))
    (fp_line (start 1.85 0.95) (end -1.85 0.95) (layer F.CrtYd) (width 0.05))
    (fp_text user %R (at 0 0 90) (layer F.Fab)
      (effects (font (size 0.5 0.5) (thickness 0.08)))
    )
    (pad 1 smd roundrect (at -1.025 0 90) (size 1.15 1.4) (layers F.Cu F.Paste F.Mask) (roundrect_rratio 0.217391)
      (net 3 VCC))
    (pad 2 smd roundrect (at 1.025 0 90) (size 1.15 1.4) (layers F.Cu F.Paste F.Mask) (roundrect_rratio 0.217391)
      (net 45 GND))
    (model ${KISYS3DMOD}/Capacitor_SMD.3dshapes/C_0805_2012Metric.wrl
      (at (xyz 0 0 0))
      (scale (xyz 1 1 1))
      (rotate (xyz 0 0 0))
    )
  )

  (module Capacitor_SMD:C_0805_2012Metric_Pad1.15x1.40mm_HandSolder (layer F.Cu) (tedit 5B36C52B) (tstamp 5D603A7A)
    (at 129.84375 83.59875 90)
    (descr "Capacitor SMD 0805 (2012 Metric), square (rectangular) end terminal, IPC_7351 nominal with elongated pad for handsoldering. (Body size source: https://docs.google.com/spreadsheets/d/1BsfQQcO9C6DZCsRaXUlFlo91Tg2WpOkGARC1WS5S8t0/edit?usp=sharing), generated with kicad-footprint-generator")
    (tags "capacitor handsolder")
    (path /5D5F3D36)
    (attr smd)
    (fp_text reference C7 (at 0 -1.65 90) (layer F.SilkS)
      (effects (font (size 1 1) (thickness 0.15)))
    )
    (fp_text value 4.7u (at 0 1.65 90) (layer F.Fab)
      (effects (font (size 1 1) (thickness 0.15)))
    )
    (fp_text user %R (at 0 0 90) (layer F.Fab)
      (effects (font (size 0.5 0.5) (thickness 0.08)))
    )
    (fp_line (start 1.85 0.95) (end -1.85 0.95) (layer F.CrtYd) (width 0.05))
    (fp_line (start 1.85 -0.95) (end 1.85 0.95) (layer F.CrtYd) (width 0.05))
    (fp_line (start -1.85 -0.95) (end 1.85 -0.95) (layer F.CrtYd) (width 0.05))
    (fp_line (start -1.85 0.95) (end -1.85 -0.95) (layer F.CrtYd) (width 0.05))
    (fp_line (start -0.261252 0.71) (end 0.261252 0.71) (layer F.SilkS) (width 0.12))
    (fp_line (start -0.261252 -0.71) (end 0.261252 -0.71) (layer F.SilkS) (width 0.12))
    (fp_line (start 1 0.6) (end -1 0.6) (layer F.Fab) (width 0.1))
    (fp_line (start 1 -0.6) (end 1 0.6) (layer F.Fab) (width 0.1))
    (fp_line (start -1 -0.6) (end 1 -0.6) (layer F.Fab) (width 0.1))
    (fp_line (start -1 0.6) (end -1 -0.6) (layer F.Fab) (width 0.1))
    (pad 2 smd roundrect (at 1.025 0 90) (size 1.15 1.4) (layers F.Cu F.Paste F.Mask) (roundrect_rratio 0.217391)
      (net 45 GND))
    (pad 1 smd roundrect (at -1.025 0 90) (size 1.15 1.4) (layers F.Cu F.Paste F.Mask) (roundrect_rratio 0.217391)
      (net 3 VCC))
    (model ${KISYS3DMOD}/Capacitor_SMD.3dshapes/C_0805_2012Metric.wrl
      (at (xyz 0 0 0))
      (scale (xyz 1 1 1))
      (rotate (xyz 0 0 0))
    )
  )

  (module Capacitor_SMD:C_0805_2012Metric_Pad1.15x1.40mm_HandSolder (layer F.Cu) (tedit 5B36C52B) (tstamp 5D5FAD25)
    (at 129.75 88.56125 90)
    (descr "Capacitor SMD 0805 (2012 Metric), square (rectangular) end terminal, IPC_7351 nominal with elongated pad for handsoldering. (Body size source: https://docs.google.com/spreadsheets/d/1BsfQQcO9C6DZCsRaXUlFlo91Tg2WpOkGARC1WS5S8t0/edit?usp=sharing), generated with kicad-footprint-generator")
    (tags "capacitor handsolder")
    (path /5D72011D)
    (attr smd)
    (fp_text reference C8 (at 0 -1.65 90) (layer F.SilkS)
      (effects (font (size 1 1) (thickness 0.15)))
    )
    (fp_text value 1u (at 0 1.65 90) (layer F.Fab)
      (effects (font (size 1 1) (thickness 0.15)))
    )
    (fp_text user %R (at 0 0 90) (layer F.Fab)
      (effects (font (size 0.5 0.5) (thickness 0.08)))
    )
    (fp_line (start 1.85 0.95) (end -1.85 0.95) (layer F.CrtYd) (width 0.05))
    (fp_line (start 1.85 -0.95) (end 1.85 0.95) (layer F.CrtYd) (width 0.05))
    (fp_line (start -1.85 -0.95) (end 1.85 -0.95) (layer F.CrtYd) (width 0.05))
    (fp_line (start -1.85 0.95) (end -1.85 -0.95) (layer F.CrtYd) (width 0.05))
    (fp_line (start -0.261252 0.71) (end 0.261252 0.71) (layer F.SilkS) (width 0.12))
    (fp_line (start -0.261252 -0.71) (end 0.261252 -0.71) (layer F.SilkS) (width 0.12))
    (fp_line (start 1 0.6) (end -1 0.6) (layer F.Fab) (width 0.1))
    (fp_line (start 1 -0.6) (end 1 0.6) (layer F.Fab) (width 0.1))
    (fp_line (start -1 -0.6) (end 1 -0.6) (layer F.Fab) (width 0.1))
    (fp_line (start -1 0.6) (end -1 -0.6) (layer F.Fab) (width 0.1))
    (pad 2 smd roundrect (at 1.025 0 90) (size 1.15 1.4) (layers F.Cu F.Paste F.Mask) (roundrect_rratio 0.217391)
      (net 45 GND))
    (pad 1 smd roundrect (at -1.025 0 90) (size 1.15 1.4) (layers F.Cu F.Paste F.Mask) (roundrect_rratio 0.217391)
      (net 4 "Net-(C8-Pad1)"))
    (model ${KISYS3DMOD}/Capacitor_SMD.3dshapes/C_0805_2012Metric.wrl
      (at (xyz 0 0 0))
      (scale (xyz 1 1 1))
      (rotate (xyz 0 0 0))
    )
  )

  (module keyboard_parts:D_SOD123_axial (layer F.Cu) (tedit 561B6A12) (tstamp 5D604A1E)
    (at 98.08125 93.8375)
    (path /5D7761EF)
    (attr smd)
    (fp_text reference D1 (at -0.20625 -1.875) (layer F.SilkS)
      (effects (font (size 0.8 0.8) (thickness 0.15)))
    )
    (fp_text value D (at 0 -1.925) (layer F.SilkS) hide
      (effects (font (size 0.8 0.8) (thickness 0.15)))
    )
    (fp_line (start 2.8 1.2) (end -3 1.2) (layer F.SilkS) (width 0.2))
    (fp_line (start 2.8 -1.2) (end 2.8 1.2) (layer F.SilkS) (width 0.2))
    (fp_line (start -3 -1.2) (end 2.8 -1.2) (layer F.SilkS) (width 0.2))
    (fp_line (start -2.925 -1.2) (end -2.925 1.2) (layer F.SilkS) (width 0.2))
    (fp_line (start -2.8 -1.2) (end -2.8 1.2) (layer F.SilkS) (width 0.2))
    (fp_line (start -3.025 1.2) (end -3.025 -1.2) (layer F.SilkS) (width 0.2))
    (fp_line (start -2.625 -1.2) (end -2.625 1.2) (layer F.SilkS) (width 0.2))
    (fp_line (start -2.45 -1.2) (end -2.45 1.2) (layer F.SilkS) (width 0.2))
    (fp_line (start -2.275 -1.2) (end -2.275 1.2) (layer F.SilkS) (width 0.2))
    (pad 2 smd rect (at 2.7 0) (size 2.5 0.5) (layers F.Cu)
      (net 5 "Net-(D1-Pad2)") (solder_mask_margin -999))
    (pad 1 smd rect (at -2.7 0) (size 2.5 0.5) (layers F.Cu)
      (net 6 /row0) (solder_mask_margin -999))
    (pad 2 thru_hole circle (at 3.9 0) (size 1.6 1.6) (drill 0.7) (layers *.Cu *.Mask F.SilkS)
      (net 5 "Net-(D1-Pad2)"))
    (pad 1 thru_hole rect (at -3.9 0) (size 1.6 1.6) (drill 0.7) (layers *.Cu *.Mask F.SilkS)
      (net 6 /row0))
    (pad 1 smd rect (at -1.575 0) (size 1.2 1.2) (layers F.Cu F.Paste F.Mask)
      (net 6 /row0))
    (pad 2 smd rect (at 1.575 0) (size 1.2 1.2) (layers F.Cu F.Paste F.Mask)
      (net 5 "Net-(D1-Pad2)"))
  )

  (module keyboard_parts:D_SOD123_axial (layer F.Cu) (tedit 561B6A12) (tstamp 5D5FAD4B)
    (at 97.9875 112.96875)
    (path /5D7780AE)
    (attr smd)
    (fp_text reference D2 (at 0.075 -1.875) (layer F.SilkS)
      (effects (font (size 0.8 0.8) (thickness 0.15)))
    )
    (fp_text value D (at 0 -1.925) (layer F.SilkS) hide
      (effects (font (size 0.8 0.8) (thickness 0.15)))
    )
    (fp_line (start 2.8 1.2) (end -3 1.2) (layer F.SilkS) (width 0.2))
    (fp_line (start 2.8 -1.2) (end 2.8 1.2) (layer F.SilkS) (width 0.2))
    (fp_line (start -3 -1.2) (end 2.8 -1.2) (layer F.SilkS) (width 0.2))
    (fp_line (start -2.925 -1.2) (end -2.925 1.2) (layer F.SilkS) (width 0.2))
    (fp_line (start -2.8 -1.2) (end -2.8 1.2) (layer F.SilkS) (width 0.2))
    (fp_line (start -3.025 1.2) (end -3.025 -1.2) (layer F.SilkS) (width 0.2))
    (fp_line (start -2.625 -1.2) (end -2.625 1.2) (layer F.SilkS) (width 0.2))
    (fp_line (start -2.45 -1.2) (end -2.45 1.2) (layer F.SilkS) (width 0.2))
    (fp_line (start -2.275 -1.2) (end -2.275 1.2) (layer F.SilkS) (width 0.2))
    (pad 2 smd rect (at 2.7 0) (size 2.5 0.5) (layers F.Cu)
      (net 7 "Net-(D2-Pad2)") (solder_mask_margin -999))
    (pad 1 smd rect (at -2.7 0) (size 2.5 0.5) (layers F.Cu)
      (net 8 /row1) (solder_mask_margin -999))
    (pad 2 thru_hole circle (at 3.9 0) (size 1.6 1.6) (drill 0.7) (layers *.Cu *.Mask F.SilkS)
      (net 7 "Net-(D2-Pad2)"))
    (pad 1 thru_hole rect (at -3.9 0) (size 1.6 1.6) (drill 0.7) (layers *.Cu *.Mask F.SilkS)
      (net 8 /row1))
    (pad 1 smd rect (at -1.575 0) (size 1.2 1.2) (layers F.Cu F.Paste F.Mask)
      (net 8 /row1))
    (pad 2 smd rect (at 1.575 0) (size 1.2 1.2) (layers F.Cu F.Paste F.Mask)
      (net 7 "Net-(D2-Pad2)"))
  )

  (module keyboard_parts:D_SOD123_axial (layer F.Cu) (tedit 561B6A12) (tstamp 5D5FAD5E)
    (at 117.2125 93.775)
    (path /5D777C8C)
    (attr smd)
    (fp_text reference D3 (at 0 1.925) (layer F.SilkS)
      (effects (font (size 0.8 0.8) (thickness 0.15)))
    )
    (fp_text value D (at 0 -1.925) (layer F.SilkS) hide
      (effects (font (size 0.8 0.8) (thickness 0.15)))
    )
    (fp_line (start -2.275 -1.2) (end -2.275 1.2) (layer F.SilkS) (width 0.2))
    (fp_line (start -2.45 -1.2) (end -2.45 1.2) (layer F.SilkS) (width 0.2))
    (fp_line (start -2.625 -1.2) (end -2.625 1.2) (layer F.SilkS) (width 0.2))
    (fp_line (start -3.025 1.2) (end -3.025 -1.2) (layer F.SilkS) (width 0.2))
    (fp_line (start -2.8 -1.2) (end -2.8 1.2) (layer F.SilkS) (width 0.2))
    (fp_line (start -2.925 -1.2) (end -2.925 1.2) (layer F.SilkS) (width 0.2))
    (fp_line (start -3 -1.2) (end 2.8 -1.2) (layer F.SilkS) (width 0.2))
    (fp_line (start 2.8 -1.2) (end 2.8 1.2) (layer F.SilkS) (width 0.2))
    (fp_line (start 2.8 1.2) (end -3 1.2) (layer F.SilkS) (width 0.2))
    (pad 2 smd rect (at 1.575 0) (size 1.2 1.2) (layers F.Cu F.Paste F.Mask)
      (net 9 "Net-(D3-Pad2)"))
    (pad 1 smd rect (at -1.575 0) (size 1.2 1.2) (layers F.Cu F.Paste F.Mask)
      (net 6 /row0))
    (pad 1 thru_hole rect (at -3.9 0) (size 1.6 1.6) (drill 0.7) (layers *.Cu *.Mask F.SilkS)
      (net 6 /row0))
    (pad 2 thru_hole circle (at 3.9 0) (size 1.6 1.6) (drill 0.7) (layers *.Cu *.Mask F.SilkS)
      (net 9 "Net-(D3-Pad2)"))
    (pad 1 smd rect (at -2.7 0) (size 2.5 0.5) (layers F.Cu)
      (net 6 /row0) (solder_mask_margin -999))
    (pad 2 smd rect (at 2.7 0) (size 2.5 0.5) (layers F.Cu)
      (net 9 "Net-(D3-Pad2)") (solder_mask_margin -999))
  )

  (module keyboard_parts:D_SOD123_axial (layer F.Cu) (tedit 561B6A12) (tstamp 5D604946)
    (at 117.30625 112.9375)
    (path /5D7787E9)
    (attr smd)
    (fp_text reference D4 (at 0 1.925) (layer F.SilkS)
      (effects (font (size 0.8 0.8) (thickness 0.15)))
    )
    (fp_text value D (at 0 -1.925) (layer F.SilkS) hide
      (effects (font (size 0.8 0.8) (thickness 0.15)))
    )
    (fp_line (start -2.275 -1.2) (end -2.275 1.2) (layer F.SilkS) (width 0.2))
    (fp_line (start -2.45 -1.2) (end -2.45 1.2) (layer F.SilkS) (width 0.2))
    (fp_line (start -2.625 -1.2) (end -2.625 1.2) (layer F.SilkS) (width 0.2))
    (fp_line (start -3.025 1.2) (end -3.025 -1.2) (layer F.SilkS) (width 0.2))
    (fp_line (start -2.8 -1.2) (end -2.8 1.2) (layer F.SilkS) (width 0.2))
    (fp_line (start -2.925 -1.2) (end -2.925 1.2) (layer F.SilkS) (width 0.2))
    (fp_line (start -3 -1.2) (end 2.8 -1.2) (layer F.SilkS) (width 0.2))
    (fp_line (start 2.8 -1.2) (end 2.8 1.2) (layer F.SilkS) (width 0.2))
    (fp_line (start 2.8 1.2) (end -3 1.2) (layer F.SilkS) (width 0.2))
    (pad 2 smd rect (at 1.575 0) (size 1.2 1.2) (layers F.Cu F.Paste F.Mask)
      (net 10 "Net-(D4-Pad2)"))
    (pad 1 smd rect (at -1.575 0) (size 1.2 1.2) (layers F.Cu F.Paste F.Mask)
      (net 8 /row1))
    (pad 1 thru_hole rect (at -3.9 0) (size 1.6 1.6) (drill 0.7) (layers *.Cu *.Mask F.SilkS)
      (net 8 /row1))
    (pad 2 thru_hole circle (at 3.9 0) (size 1.6 1.6) (drill 0.7) (layers *.Cu *.Mask F.SilkS)
      (net 10 "Net-(D4-Pad2)"))
    (pad 1 smd rect (at -2.7 0) (size 2.5 0.5) (layers F.Cu)
      (net 8 /row1) (solder_mask_margin -999))
    (pad 2 smd rect (at 2.7 0) (size 2.5 0.5) (layers F.Cu)
      (net 10 "Net-(D4-Pad2)") (solder_mask_margin -999))
  )

  (module Connector_USB:USB_C_Receptacle_Amphenol_12401610E4-2A (layer F.Cu) (tedit 5A142044) (tstamp 5D5FADA0)
    (at 157.40625 112.5)
    (descr "USB TYPE C, RA RCPT PCB, SMT, https://www.amphenolcanada.com/StockAvailabilityPrice.aspx?From=&PartNum=12401610E4%7e2A")
    (tags "USB C Type-C Receptacle SMD")
    (path /5D65131E)
    (attr smd)
    (fp_text reference J1 (at 0 -6.36) (layer F.SilkS)
      (effects (font (size 1 1) (thickness 0.15)))
    )
    (fp_text value USB_C_Receptacle_USB2.0 (at 0 6.14) (layer F.Fab)
      (effects (font (size 1 1) (thickness 0.15)))
    )
    (fp_text user %R (at 0 0) (layer F.Fab)
      (effects (font (size 1 1) (thickness 0.1)))
    )
    (fp_line (start -5.39 5.73) (end -5.39 -5.87) (layer F.CrtYd) (width 0.05))
    (fp_line (start 5.39 5.73) (end -5.39 5.73) (layer F.CrtYd) (width 0.05))
    (fp_line (start 5.39 -5.87) (end 5.39 5.73) (layer F.CrtYd) (width 0.05))
    (fp_line (start -5.39 -5.87) (end 5.39 -5.87) (layer F.CrtYd) (width 0.05))
    (fp_line (start 4.6 5.23) (end 4.6 -5.22) (layer F.Fab) (width 0.1))
    (fp_line (start -4.6 5.23) (end 4.6 5.23) (layer F.Fab) (width 0.1))
    (fp_line (start 3.25 -5.37) (end 4.75 -5.37) (layer F.SilkS) (width 0.12))
    (fp_line (start 4.75 -5.37) (end 4.75 1.89) (layer F.SilkS) (width 0.12))
    (fp_line (start -4.75 -5.37) (end -4.75 1.89) (layer F.SilkS) (width 0.12))
    (fp_line (start -4.75 -5.37) (end -3.25 -5.37) (layer F.SilkS) (width 0.12))
    (fp_line (start -4.6 -5.22) (end 4.6 -5.22) (layer F.Fab) (width 0.1))
    (fp_line (start -4.6 5.23) (end -4.6 -5.22) (layer F.Fab) (width 0.1))
    (pad S1 thru_hole oval (at -4.13 -3.11) (size 0.8 1.4) (drill oval 0.5 1.1) (layers *.Cu *.Mask)
      (net 45 GND))
    (pad A1 smd rect (at -2.75 -5.02) (size 0.3 0.7) (layers F.Cu F.Paste F.Mask)
      (net 45 GND))
    (pad A2 smd rect (at -2.25 -5.02) (size 0.3 0.7) (layers F.Cu F.Paste F.Mask))
    (pad A3 smd rect (at -1.75 -5.02) (size 0.3 0.7) (layers F.Cu F.Paste F.Mask))
    (pad A4 smd rect (at -1.25 -5.02) (size 0.3 0.7) (layers F.Cu F.Paste F.Mask)
      (net 3 VCC))
    (pad A5 smd rect (at -0.75 -5.02) (size 0.3 0.7) (layers F.Cu F.Paste F.Mask)
      (net 11 "Net-(J1-PadA5)"))
    (pad A6 smd rect (at -0.25 -5.02) (size 0.3 0.7) (layers F.Cu F.Paste F.Mask)
      (net 12 "Net-(J1-PadA6)"))
    (pad A7 smd rect (at 0.25 -5.02) (size 0.3 0.7) (layers F.Cu F.Paste F.Mask)
      (net 13 "Net-(J1-PadA7)"))
    (pad A12 smd rect (at 2.75 -5.02) (size 0.3 0.7) (layers F.Cu F.Paste F.Mask)
      (net 45 GND))
    (pad A10 smd rect (at 1.75 -5.02) (size 0.3 0.7) (layers F.Cu F.Paste F.Mask))
    (pad A9 smd rect (at 1.25 -5.02) (size 0.3 0.7) (layers F.Cu F.Paste F.Mask)
      (net 3 VCC))
    (pad A8 smd rect (at 0.75 -5.02) (size 0.3 0.7) (layers F.Cu F.Paste F.Mask)
      (net 14 "Net-(J1-PadA8)"))
    (pad A11 smd rect (at 2.25 -5.02) (size 0.3 0.7) (layers F.Cu F.Paste F.Mask))
    (pad B1 smd rect (at 2.5 -3.32) (size 0.3 0.7) (layers F.Cu F.Paste F.Mask)
      (net 45 GND))
    (pad S1 thru_hole oval (at 4.13 -3.11) (size 0.8 1.4) (drill oval 0.5 1.1) (layers *.Cu *.Mask)
      (net 45 GND))
    (pad S1 thru_hole oval (at 4.49 2.84) (size 0.8 1.4) (drill oval 0.5 1.1) (layers *.Cu *.Mask)
      (net 45 GND))
    (pad S1 thru_hole oval (at -4.49 2.84) (size 0.8 1.4) (drill oval 0.5 1.1) (layers *.Cu *.Mask)
      (net 45 GND))
    (pad "" np_thru_hole oval (at 3.6 -4.36) (size 0.95 0.65) (drill oval 0.95 0.65) (layers *.Cu *.Mask))
    (pad "" np_thru_hole circle (at -3.6 -4.36) (size 0.65 0.65) (drill 0.65) (layers *.Cu *.Mask))
    (pad B2 smd rect (at 2 -3.32) (size 0.3 0.7) (layers F.Cu F.Paste F.Mask))
    (pad B3 smd rect (at 1.5 -3.32) (size 0.3 0.7) (layers F.Cu F.Paste F.Mask))
    (pad B4 smd rect (at 1 -3.32) (size 0.3 0.7) (layers F.Cu F.Paste F.Mask)
      (net 3 VCC))
    (pad B5 smd rect (at 0.5 -3.32) (size 0.3 0.7) (layers F.Cu F.Paste F.Mask)
      (net 15 "Net-(J1-PadB5)"))
    (pad B6 smd rect (at 0 -3.32) (size 0.3 0.7) (layers F.Cu F.Paste F.Mask)
      (net 12 "Net-(J1-PadA6)"))
    (pad B7 smd rect (at -0.5 -3.32) (size 0.3 0.7) (layers F.Cu F.Paste F.Mask)
      (net 13 "Net-(J1-PadA7)"))
    (pad B8 smd rect (at -1 -3.32) (size 0.3 0.7) (layers F.Cu F.Paste F.Mask)
      (net 16 "Net-(J1-PadB8)"))
    (pad B9 smd rect (at -1.5 -3.32) (size 0.3 0.7) (layers F.Cu F.Paste F.Mask)
      (net 3 VCC))
    (pad B10 smd rect (at -2 -3.32) (size 0.3 0.7) (layers F.Cu F.Paste F.Mask))
    (pad B11 smd rect (at -2.5 -3.32) (size 0.3 0.7) (layers F.Cu F.Paste F.Mask))
    (pad B12 smd rect (at -3 -3.32) (size 0.3 0.7) (layers F.Cu F.Paste F.Mask)
      (net 45 GND))
    (model ${KISYS3DMOD}/Connector_USB.3dshapes/USB_C_Receptacle_Amphenol_12401610E4-2A.wrl
      (at (xyz 0 0 0))
      (scale (xyz 1 1 1))
      (rotate (xyz 0 0 0))
    )
  )

  (module keebs:Mx_Alps_100 (layer F.Cu) (tedit 58057B75) (tstamp 5D604A66)
